10
9
15 21
5 22
5 17
5 14
24 24
21 23
13 17
18 24
4 21
19
21 22
9 10
13 23
23 23
8 18
19 19
19 20
5 5
17 19
16 21
12 17
2 15
2 10
14 21
21 22
20 24
15 22
22 22
6 21
29
7 24
4 17
19 23
10 23
2 20
5 18
14 20
15 16
15 19
5 22
14 22
20 20
23 23
5 14
16 23
17 23
2 22
22 23
21 23
23 23
19 21
0 4
0 17
10 14
24 24
13 13
10 22
12 12
8 21
39
11 17
24 24
2 15
3 20
5 9
0 2
14 22
4 7
16 17
24 24
11 20
2 5
3 13
8 23
18 18
2 20
6 12
15 22
17 20
6 7
23 23
11 20
11 19
22 23
6 9
10 24
24 24
24 24
1 2
13 16
8 9
15 21
5 22
18 24
13 19
4 18
9 15
0 1
7 19
49
11 19
20 22
22 23
4 21
19 19
17 20
16 20
0 15
11 19
18 19
24 24
16 17
8 21
12 20
1 19
2 5
7 18
19 24
4 21
16 24
10 16
2 22
2 10
3 11
1 13
2 24
6 6
2 15
16 16
5 5
5 7
13 17
24 24
7 11
22 23
8 19
0 21
17 21
18 22
22 22
21 22
19 20
5 20
24 24
4 23
14 16
17 21
16 18
21 24
59
3 10
17 18
2 2
22 23
14 22
24 24
14 14
3 12
12 15
9 19
20 20
23 24
3 21
21 24
12 22
3 6
2 12
6 15
3 16
0 9
20 21
11 21
12 21
20 23
21 22
14 22
5 7
7 11
2 6
18 23
15 24
9 21
12 24
4 4
10 20
8 20
5 21
10 19
5 12
12 22
24 24
8 10
19 19
12 22
13 16
17 18
5 20
9 21
2 23
9 11
5 7
9 9
8 23
3 21
11 19
1 21
19 21
5 10
8 10
69
14 23
0 1
10 20
7 10
3 24
12 15
8 10
22 24
4 8
0 18
14 14
9 19
3 22
15 15
6 15
21 22
23 23
24 24
10 11
12 18
11 23
11 15
8 9
6 16
7 12
0 14
13 14
12 13
19 22
10 24
11 13
1 15
10 14
8 21
3 14
21 21
11 18
0 8
12 14
24 24
1 8
12 21
14 16
20 20
2 21
18 24
6 12
7 11
24 24
12 14
0 14
16 16
17 21
24 24
13 19
17 22
24 24
10 13
19 20
7 11
14 24
22 22
6 15
2 4
3 19
5 24
0 6
18 22
24 24
79
12 18
1 24
13 18
16 24
6 23
20 22
4 24
3 7
22 24
16 20
3 7
4 20
22 22
15 16
13 14
17 20
2 9
15 24
24 24
17 23
15 19
14 21
18 20
15 15
23 23
17 19
13 21
15 15
19 24
8 23
9 17
12 18
24 24
2 19
17 20
7 13
9 10
21 24
4 6
20 20
0 23
23 23
2 16
4 9
12 14
6 15
18 24
2 15
7 17
24 24
15 18
14 17
3 4
20 23
11 18
0 5
3 16
15 24
7 8
5 24
4 12
8 11
19 21
1 8
4 23
4 5
22 22
18 21
24 24
0 18
19 23
17 19
7 18
2 12
0 20
4 20
23 23
1 14
2 4
89
13 21
14 21
17 21
13 15
13 13
12 20
6 23
8 21
24 24
20 22
19 20
4 5
22 24
20 20
21 22
17 23
24 24
19 24
15 19
9 21
5 17
11 14
20 24
20 24
20 21
5 12
0 1
24 24
14 16
0 8
14 17
5 20
23 23
18 24
22 24
11 18
6 7
21 21
19 24
8 11
2 19
1 5
19 22
18 19
13 18
14 23
5 24
13 17
8 14
1 6
1 8
11 11
15 19
4 17
17 22
23 24
2 15
16 23
12 12
21 22
9 17
23 24
3 11
21 24
21 22
11 16
16 18
1 18
11 12
6 17
22 22
21 24
21 22
14 20
6 24
9 22
2 14
22 22
17 23
3 11
21 22
12 20
12 20
13 16
16 19
18 22
4 7
4 20
21 21
99
9 23
14 23
14 17
18 23
15 16
10 17
1 1
21 24
11 18
6 10
4 4
15 24
1 11
1 21
15 19
1 3
3 6
0 18
6 10
10 22
1 16
15 24
20 20
13 14
19 19
20 22
3 13
7 20
23 24
22 24
3 11
3 18
4 4
14 14
1 14
16 17
19 20
9 16
2 14
6 17
24 24
3 6
22 24
9 12
2 18
10 12
8 21
13 14
12 12
13 23
14 22
16 22
14 15
22 23
4 21
7 21
20 20
13 15
9 21
24 24
16 24
1 16
14 18
16 24
13 22
11 22
4 11
10 14
21 22
3 21
6 24
21 22
8 19
22 23
4 20
3 18
12 15
10 24
17 20
1 9
14 14
2 10
4 14
17 22
1 12
11 21
0 15
3 4
6 24
11 17
3 19
4 13
5 11
4 6
0 16
1 17
17 19
7 11
17 21
